  05 11 01    220   0 -51 -46 -45 -41 -36 -35 -33 -32 -31 -29 -31 -35 -34 -32 -32 -27 -29 -30 -34 -33 -31 -30 -31 -30 -34
  05 11 02    220   0 -23 -21 -23 -24 -23 -19 -17 -16 -17 -20 -18 -16 -12  -8  -5  -2  -3  -2   7   7  -7 -17 -17 -18 -13
  05 11 03    220   0 -20 -20 -19 -24 -30 -21 -17 -18 -16 -14 -16 -27 -29 -26 -23 -21 -23 -34 -38 -28 -29 -28 -28 -22 -24
  05 11 04    220   0 -18 -16 -13 -13 -18 -20 -11  -7 -13 -11 -15 -26 -27 -23 -21 -19 -19 -20 -25 -20 -21 -22 -20 -21 -18
  05 11 05    220   0 -19 -19 -18 -18 -17 -21 -22 -17 -17 -15 -15 -17 -18 -15 -15 -15 -15 -15 -14 -13 -13 -14 -17 -17 -17
  05 11 06    220   0 -18 -18 -20 -21 -18 -15 -14 -15 -16 -26 -26 -21 -17 -17 -18 -24 -26 -25 -21 -19 -23 -23 -22 -24 -20
  05 11 07    220   0 -21 -18 -17 -15 -13 -11 -11 -12 -12 -10 -12 -13 -14 -14 -14 -13 -12 -12 -14 -13 -13 -12 -13 -11 -13
  05 11 08    220   0 -10  -9  -7  -8  -8  -8  -7  -5  -4  -6  -7  -8  -6  -5  -4  -5  -4  -4  -7  -8  -8  -9  -7  -9  -7
  05 11 09    220   0 -10  -9  -5  -1   2   0  -4  -5  -3  -1  -2  -2  -4  -4  -3  -4  -7  -7  -7  -6  -7  -5  -4  -4  -4
  05 11 10    220   0  -5  -5  -5  -4  -2  -1   0  -1  -3  -3  -4  -5  -3  -3  -2  -1   0  -4  -7  -9 -10  -8  -4  -3  -4
  05 11 11    220   0   2   3   5  -3  -6  -5  -2  -3  -1  -2  -5  -6  -5  -6  -5  -6  -9 -10 -11  -9  -5  -2  -3  -6  -4
  05 11 12    220   0 -11 -12 -10 -12  -9  -6  -8 -15 -21 -23 -24 -26 -27 -22 -18 -13 -16 -19 -16 -17 -17 -16 -17 -15 -16
  05 11 13    220   0 -14 -13 -14 -20 -25 -26 -24 -21 -23 -27 -28 -31 -32 -35 -39 -42 -42 -36 -31 -30 -29 -27 -22 -20 -27
  05 11 14    220   0 -17 -22 -29 -33 -32 -31 -28 -25 -20 -22 -21 -17 -15 -16 -18 -18 -16 -15 -14 -17 -22 -23 -18 -16 -21
  05 11 15    220   0 -15 -14 -12 -12 -14 -16 -17 -16 -17 -14 -13 -14 -16 -16 -16 -13 -12 -12 -11 -11 -10 -10 -10 -12 -13
  05 11 16    220   0 -14 -12 -11 -11 -10  -8  -6  -3  -2   1   1  -3  -3  -7  -8  -8  -9  -5  -4  -1  -1  -3  -7  -8  -6
  05 11 17    220   0  -9  -7  -7  -7  -6  -6  -8 -10  -9  -8  -6  -4  -4  -4  -4  -3  -3  -1  -1  -1  -2  -1   1   2  -5
  05 11 18    220   0   4   6   6   3   1   1   4   6   6   6   3   0   0   1   0  -1  -3  -2   7  12  11  12  17  13   5
  05 11 19    220   0  11   8   2   4   6   8  10  12  14  14  12  16  19  22  25  15  -2 -11 -10 -12 -24 -31 -36 -27   2
  05 11 20    220   0 -23 -22 -18 -16  -9 -13 -14 -10 -15 -20 -24 -20 -17 -15 -14 -10  -9 -11 -12 -11 -13 -11 -11 -15 -15
  05 11 21    220   0 -14 -14 -15 -19 -21 -18 -14 -13 -10  -9  -9  -9 -10 -11 -10  -9 -10 -12  -8  -7  -3   0   2   1 -10
  05 11 22    220   0   1   1   1   0  -2  -2  -3  -2  -4  -2  -6 -10 -13 -14 -11 -13 -16 -16 -15 -14 -16 -17 -14 -10  -8
  05 11 23    220   0 -11 -10 -10 -11 -15 -14 -17 -17 -17 -13 -16 -18 -21 -23 -22 -18 -16 -16 -17 -16 -17 -15 -17 -21 -16
  05 11 24    220   0 -24 -25 -24 -22 -22 -22 -23 -18 -11 -12 -11  -8 -12 -17 -20 -21 -21 -19 -21 -19 -18 -20 -20 -23 -19
  05 11 25    220   0 -22 -22 -25 -28 -26 -26 -26 -28 -26 -21 -20 -20 -20 -18 -17 -18 -16 -14 -10 -14 -14 -13 -11 -13 -20
  05 11 26    220   0 -14 -13 -11 -10  -7  -9 -12 -11 -11 -14 -19 -20 -22 -21 -17 -18 -16 -15 -13 -11  -9  -7  -7  -6 -13
  05 11 27    220   0  -5  -4  -7 -10 -11 -11  -8  -5  -4  -6  -8  -6  -4  -3  -3  -2  -5  -6  -2   1   1   1   3   5  -4
  05 11 28    220   0   5   2   1   1   2   0  -6 -13 -12  -7  -6  -7  -5  -5   3   7   8   7   4  13  16   6  -7 -12   0
  05 11 29    220   0  -9  -7  -5  -4  -6  -7  -6  -5  -4  -5  -8  -8  -7  -6  -4  -2   0   3   4   6   9   9   4  16  -2
  05 11 30    220   0  20   8   3  -3  -3  -2  -5  -4  -8 -11 -16 -16 -11  -5  -4  -5  -5  -4  -5  -5  -3   1   4   1  -3
  05 12 01    220   0 -11 -10 -11 -13 -14 -12  -8  -5  -1  -2 -10 -13 -12 -10 -10 -12 -13 -11  -6  -3  -7  -7  -3  -7  -9
  05 12 02    220   0 -10 -12 -11 -12 -14 -16 -13 -13 -12 -15 -16 -13 -12 -13 -10  -8  -9  -8 -11  -6  -3  -5   0  -1 -10
  05 12 03    220   0  -5 -11 -13 -12  -8  -9  -9 -10 -10 -11 -12  -7 -11  -7  -7 -10 -10 -11 -10 -11 -20 -19 -21 -18 -11
  05 12 04    220   0 -13 -12 -13 -13 -15 -17 -18 -15 -12 -11 -11 -10 -10  -8 -10 -11 -13  -9  -8  -8  -6  -7  -7  -6 -11
  05 12 05    220   0  -5  -4  -5  -6 -10 -12 -13 -11  -7  -3  -4  -6  -8  -9  -9  -8  -9  -7  -1  -1   3   3   5   5  -5
  05 12 06    220   0   6   3   3   2   1  -1  -3  -1   0   0  -3  -6  -6  -4  -2  -2  -1  -1  -2  -2  -2   0  -1  -1  -1
  05 12 07    220   0  -2  -4  -4  -2  -1   0   1   1   2   4   3   1   3   2   0  -2  -1   0   2   4   4   3   1   0   1
  05 12 08    220   0  -1  -3  -3  -5  -3  -1   0   1   3   4   4   5   6   7   9  10   9   8   6   3   0  -3  -5  -7   2
  05 12 09    220   0  -7  -7  -5  -3  -1  -1   0   0   2   3   3   4   2   2   6   6   6  13  19  26  23   7   0  -5   4
  05 12 10    220   0  -5  -8 -14 -13 -18 -23 -28 -23 -15 -13 -12 -14 -14 -15 -12 -10  -9  -4  -2 -10 -16 -10 -16 -14 -13
  05 12 11    220   0 -12 -13 -18 -22 -26 -28 -29 -23 -29 -43 -48 -42 -35 -34 -31 -35 -40 -44 -55 -49 -44 -41 -46 -41 -35
  05 12 12    220   0 -34 -31 -35 -36 -37 -42 -43 -41 -37 -34 -33 -33 -33 -30 -30 -32 -38 -37 -32 -37 -42 -36 -32 -26 -35
  05 12 13    220   0 -25 -26 -24 -26 -25 -26 -28 -29 -29 -27 -23 -20 -20 -22 -20 -18 -20 -19 -16 -17 -17 -16 -14 -11 -22
  05 12 14    220   0 -12 -13  -9  -7 -10 -12 -16 -16 -14 -13 -12 -15 -13 -11 -11 -13 -16 -15 -12 -11  -6  -5  -5  -7 -11
  05 12 15    220   0  -3  -4  -6  -6  -7  -7  -7  -7  -9  -9  -6  -3  -8  -9  -8  -7  -7  -6  -6  -6  -6  -6  -6  -4  -6
  05 12 16    220   0  -1   1   1  -2  -3   5   4   9   0  -4  -4   0   2   2   0  -2  -8  -9  -4   3   2   0   1   4   0
  05 12 17    220   0   5   5   4   2  -1  -2   1   1  -1  -3  -7  -8  -8  -6  -1  -3  -6  -7  -4  -1   3  10  15  15   0
  05 12 18    220   0  12  11  14  13  12  11   8   5   5   5   2   9  13  14  16  13   9  12  15  16  19  26  29  24  13
  05 12 19    220   0  16  13  10   6   7   6   3   1   3  11   9   8  -2  -3   0  10  16   3   1  -4  -2   1   2  -2   5
  05 12 20    220   0  -6  -8 -18 -25 -24 -22 -27 -26 -25 -22 -19 -16 -17 -22 -18 -18 -19 -20 -17 -12 -22 -20 -18 -16 -19
  05 12 21    220   0 -14 -13 -13 -13 -13 -15 -18 -23 -22 -19 -14 -11 -18 -18 -17 -17 -16 -17 -14 -16 -14 -10  -7  -6 -15
  05 12 22    220   0  -6  -9  -6  -2   0  -3  -8  -9 -13 -15 -12  -7  -6  -8  -6  -5  -4  -3  -5  -5  -5  -3  -2  -2  -6
  05 12 23    220   0  -2   0   1   1   3   2   1   0   2   1   0   2   2  -2  -3  -4  -6  -5  -3  -1   2   3   4   5   0
  05 12 24    220   0   6   7   6   5   5   7   8   9   8  10  10   1  -4  -6  -7  -3  -8 -12 -11  -9  -9  -6  -4   0   0
  05 12 25    220   0   4   3  -1   1   8   6   3  -5 -14 -17 -18 -14 -15 -19 -21 -22 -21 -17 -14 -12 -10  -8  -7  -6  -9
  05 12 26    220   0  -6  -4  -3  -2  -5  -7  -8  -6  -5  -2   2   3   3  -5 -13 -14 -11  -4  -1   0   1   3  -4  -9  -4
  05 12 27    220   0  -3   0   2   3   3   1  -2  -3  -1   1  10  18  16  22  33   5 -13 -31 -39 -21 -14 -24 -29 -18  -4
  05 12 28    220   0 -12 -15 -17 -18 -23 -25 -23 -23 -25 -31 -27 -25 -24 -18 -21 -18 -20 -23 -23 -19 -27 -26 -26 -22 -22
  05 12 29    220   0 -12  -9  -8  -8 -10 -13 -20 -28 -31 -31 -29 -24 -22 -23 -21 -20 -27 -27 -23 -16 -13 -14 -12  -9 -19
  05 12 30    220   0  -5  -3  -3  -7  -6  -7  -8 -13 -17 -19 -17 -12  -7  -5  -5  -9 -17 -21 -19 -17 -15 -14 -15 -13 -11
  05 12 31    220   0  -7   1   3   3   1  -1  -1  -7 -12 -13 -16  -9  -2   8  20   0 -18 -28 -30 -28 -29 -30 -26 -24 -10
  06 01 01    220   0 -19 -12 -12 -12 -14 -10 -10 -10  -7  -6   0   3   5   3  16  21  20  21  21  21  19  14  11   9   3
  06 01 02    220   0   9  -1  -1  -2  15  18   9  -3 -15 -17 -14  -7  -3  -1   1   0   2   1   0  -3   1   8   7   0   0
  06 01 03    220   0   0   1  -1  -3  -1   0   1   0   0  -1  -1   1  -1  -6  -6  -5  -5  -3  -2  -4  -7 -10 -14 -14  -3
  06 01 04    220   0 -14 -12  -9  -7  -6  -5  -2  -1   0   2   1  -1   0  -2  -4  -3  -2  -2  -2   0   3   3   3   0  -3
  06 01 05    220   0   1   1   2   3   4   3   3   3   2   0  -2  -2   3   4   2   2   5   8   6   3   0  -1  -4  -6   2
  06 01 06    220   0  -9 -10 -10 -11 -11 -10 -12 -11 -11  -9  -7  -8 -12 -13  -9  -9 -17 -17 -12 -12 -14 -16 -13 -11 -11
  06 01 07    220   0 -11 -10  -9  -7  -4  -4  -5  -6  -5  -4  -7  -4  -4  -6 -11 -11  -5  -1   0  -1  -5  -7  -9  -9  -6
  06 01 08    220   0  -9  -8  -7  -6  -6  -6  -8 -10 -11  -9 -11  -7  -8 -13 -11  -9  -7  -7  -8  -8  -9  -9  -9  -9  -9
  06 01 09    220   0  -9 -10  -9  -7  -6  -5  -4  -4  -6  -7  -8  -6  -1   3   5   3   0   0   1   3   3   1   1   1  -3
  06 01 10    220   0   1   3   5   6   5   4   5   6   8   9  11  12   7   4   5   0  -1   0   0  -2  -5  -5  -5  -6   3
  06 01 11    220   0  -7  -6  -3   0   1   3   2   3   3   4  11  14  11   7   6   4   5   8  10   8   4   4   7   5   4
  06 01 12    220   0   5   9  12   9  10  11   6   3  -1  -2  -2   5   9  11  11  11  13  14  14   4  -4  -4  -6  -7   5
  06 01 13    220   0  -5  -2   1   1   1   0   0   1   3   2   8  10   8   6   9   9   5   8   4   3   2  -1   0  -1   3
  06 01 14    220   0  -3  -5  -7  -7  -4   0   2   6   5   5   5   7  11  10  11  13  15  15  13  10  10   7   5   9   6
  06 01 15    220   0  10   7   2  -2  -4  -3   0  -1  -6  -5  -3   1   1   2   7  14  15  11   4   2   6  12  12  10   4
  06 01 16    220   0  10  14  14  16  14  12   8   0  -7 -10 -11  -5   2   0 -14 -17 -15 -17 -16 -11  -6  -6  -7  -9  -3
  06 01 17    220   0 -13 -11 -11 -11  -9 -11 -12 -15 -20 -19 -14  -8  -2   1  -2  -3  -1   3   4   3   0  -1   0  -3  -6
  06 01 18    220   0  -5  -6  -5  -6  -6  -3  -6  -7  -9 -10 -10  -6  -2   0   1  -3  -5  -6  -6  -5  -5  -6  -7  -9  -6
  06 01 19    220   0 -13 -11  -7  -3  -1  -1  -5  -6  -7  -8  -9  -8  -5  -3   3   4   3   2  -2  -7  -7 -10  -9  -7  -5
  06 01 20    220   0  -9 -11  -8  -4  -2  -2  -1  -2  -4  -3   1   1   0  -1   2   4   1  -4  -5  -4  -2   2  -1  -2  -2
  06 01 21    220   0  -4  -7  -8  -8  -3   1   2   2  -1  -4  -4  -7 -12 -17 -13  -6  -2   0  -1  -3  -4  -4  -4  -3  -5
  06 01 22    220   0  -4  -3  -2   1   1  -1  -1   0   0  -1  -4  -2  -1  -2   0   0  -2   2   4   5   2   5   6   8   0
  06 01 23    220   0   5   5  13  10  -5 -13  -5  -4  -3 -15 -19 -21 -14 -17 -20 -11 -10  -7  -2  -8 -11 -14 -18 -18  -8
  06 01 24    220   0 -15 -18 -19 -16 -16 -15 -12 -13  -9  -5   1   2  -1  -4  -6  -4  -2  -2  -1  -2  -2   2   6   9  -6
  06 01 25    220   0   9   3   0   1   3   2   3   1   1   1   2   1   3   5   8   8   2   0   1  -6 -10 -15 -19 -28  -1
  06 01 26    220   0 -35 -43 -49 -51 -49 -35 -26 -24 -30 -27 -19 -11 -10 -12 -14 -11 -10 -16 -10  -8 -14 -23 -32 -26 -24
  06 01 27    220   0 -22 -25 -27 -28 -26 -26 -29 -28 -25 -23 -19 -12 -12 -12 -11  -9 -10 -12 -12 -12 -14 -11 -10 -10 -18
  06 01 28    220   0 -10 -12 -14 -18 -17 -14 -15 -16 -15 -15 -18 -19 -18 -18 -14  -9  -7  -8 -11 -12 -14 -15 -11 -10 -14
  06 01 29    220   0 -12 -13 -14 -14 -13 -13 -11 -11 -11 -10  -7  -7  -6  -6  -7  -6  -7  -7  -5  -5  -6  -7  -7  -6  -9
  06 01 30    220   0  -4  -5  -6  -7  -6  -6  -6  -6  -6  -8 -11 -12 -11  -8  -7  -6  -5  -5  -3  -1  -1   0   1   1  -5
  06 01 31    220   0   1   0   0  -1  -1   0   1   1   1   3   4   5   2   0   0   2   3   3   4   4   6   9  10  10   3
  06 02 01    220   0  12  12  10   8   7   8   5   0  -3  -7 -12 -13 -10 -11  -9  -3   0   2   2   3   3   4   0  -7   0
  06 02 02    220   0  -8  -6  -9 -11 -11  -9  -4   1   3   0  -9 -14 -11  -8  -2   3   4   1  -2  -7 -12 -11  -9  -7  -6
  06 02 03    220   0  -7  -6  -6  -7  -7  -6  -2   1  -2  -2  -4  -8  -9  -7  -2   2   4  -3  -4  -6  -4   1   2  -2  -4
  06 02 04    220   0  -9 -16 -16 -16 -13 -12 -11  -6  -4  -2  -3 -11 -13 -14 -11  -6  -2   0   1   2   3   3   4  -1  -6
  06 02 05    220   0  -6  -9 -10  -7  -5  -3  -2  -1   0   4   8   8   6   5   7  11  12  16  19  23  16  15  12   8   5
  06 02 06    220   0   5   8   7  -3  -5  -5 -11 -15 -12 -15 -16 -20 -22 -20 -16 -16 -15 -16 -19 -20 -22 -23 -22 -17 -13
  06 02 07    220   0 -14 -13 -16 -16 -13 -15 -16 -12  -7  -4  -4  -7 -10  -9  -8  -7  -6  -6  -8  -9 -10  -7  -6  -3  -9
  06 02 08    220   0  -1  -4  -4  -6  -8  -8  -7  -3   1   4   4   1   0  -2  -4  -6  -6  -3   2   7   7   8   9   8   0
  06 02 09    220   0   5   3   3   2   1   2   3   5   6   6   7   6   5   8   9   7   6   5   4   4   3   6   7   8   5
  06 02 10    220   0   7   7   9   7   3   5   4   5   5   4   4   5   8   9  10  11  12  16  20  13   9   7   9  15   9
  06 02 11    220   0  16  12   6   1  -2  -4  -6  -3  -1  -1  -5   1   7   5   6   6   2  -2   0   2   3   4   6   6   2
  06 02 12    220   0   8   9   3  -8  -7  -4  -3  -2  -1  -1  -3  -4  -5  -8  -8  -7  -6  -8  -8  -7  -6  -5  -5  -3  -4
  06 02 13    220   0  -2  -3  -4  -4  -4  -4  -1  -1   0   2   1   0  -1  -3  -6  -6  -6  -3  -1  -2  -1  -1   0   3  -2
  06 02 14    220   0   4   8   7   6   4   3   4   4   5   5   5   4   8  10   8   7   7   5   6   7   5   2   5   9   6
  06 02 15    220   0  12  13  12  13  14  16  17  14   8   7   6  -1  -2  -1  -5  -5  -3   4   2   2  -2  -8  -4  -2   4
  06 02 16    220   0  -2  -6  -9  -6  -3   0  -5  -6 -10  -7  -5   0   1  -1  -5  -4  -2  -2  -3  -9 -11  -9  -8  -9  -5
  06 02 17    220   0 -11 -11 -14 -16 -16 -13  -9  -9 -11 -11  -9  -6  -5  -6  -4  -4  -3  -1  -1   0   1  -1  -5  -9  -7
  06 02 18    220   0 -10  -5  -5  -3  -1   2   3   3   3   0  -1  -1   0   2   2   5   8   4   5   8  10  10   8   5   2
  06 02 19    220   0   7   7   6   7   4  -8 -10  -8  -5   0  -2   0   2   3   6  10   9   3  -4  -8  -5  -7 -13 -17  -1
  06 02 20    220   0 -16 -12 -11  -7   1   2  -4 -16 -17 -17 -21 -27 -27 -22 -26 -31 -36 -34 -28 -22 -16 -19 -22 -20 -19
  06 02 21    220   0 -22 -28 -27 -20 -14 -15 -18 -16 -23 -28 -19 -18 -22 -24 -26 -23 -24 -22 -15  -9  -4  -4  -9 -14 -19
  06 02 22    220   0 -23 -26 -26 -20 -17 -14 -18 -17 -16 -12 -11 -19 -21 -19 -18 -23 -27 -26 -19 -17 -16 -17 -18 -19 -19
  06 02 23    220   0 -18 -14 -15 -17 -16 -14 -15 -20 -19 -15 -14 -12 -13 -14 -12 -10 -11 -12 -12  -9  -8  -8  -9 -11 -13
  06 02 24    220   0 -12 -10  -6 -10 -13 -11 -11 -10 -11 -12  -9 -11 -14 -21 -19 -16 -13 -12 -10  -7  -5  -6  -8  -9 -11
  06 02 25    220   0  -9  -9  -9  -8  -3  -1  -1  -5  -6  -4  -5  -3  -4  -5  -5  -3  -2  -4  -4  -2  -2  -3  -2  -2  -4
  06 02 26    220   0  -3  -1  -4  -3  -1  -3  -2   1   3   2  -1  -3  -4  -5  -9  -9 -12 -17 -16 -15 -15 -17 -20 -19  -7
  06 02 27    220   0 -16 -14 -13 -10 -10  -9  -6  -5  -5  -4  -3  -3  -4  -3  -5  -6  -6  -5  -2   3   0  -2  -6  -7  -6
  06 02 28    220   0  -6  -4  -1   4   5   3   4   3   2  -1 -10 -16 -13  -6  -3  -4  -7  -5  -4  -8  -8 -13  -8  -7  -4
  06 03 01    220   0  -6  -8  -6  -2  -1   5   5   2   2   2  -3  -8 -10 -12  -6  -6  -6  -7  -6  -4  -6  -6  -6  -5  -4
  06 03 02    220   0  -4  -2  -1   1   0   0   0  -2  -5  -5  -6  -4  -2   3   5   4   4   5   4   1   0   1  -2  -6   0
  06 03 03    220   0  -9  -7  -5  -2   1   2   3   5   3   2   1   3   2   1   1   2   2  -1   0   1   1   1   0  -2   0
  06 03 04    220   0  -5  -3  -3   0   1   2  -1   1   4   6   4   5   4   2   1  -1  -1   1   2   2   3   4   4   3   1
  06 03 05    220   0   1   2   0  -2   1   2   2   3   3   4   2   1  -3  -2   1   3   4   5   5   6   7   7   8   8   3
  06 03 06    220   0   6   5   5   9  14  15  16  12  10  10  12  15  15  12  12  14  15  10   5  -2 -12 -26 -28 -35   5
  06 03 07    220   0 -48 -52 -51 -45 -34 -28 -31 -35 -31 -23 -23 -24 -25 -23 -21 -18 -17 -17 -17 -16 -16 -14 -14 -17 -27
  06 03 08    220   0 -20 -19 -16 -13 -13 -13 -11  -8  -6  -3   0   3   0  -1   1   3   2   3   0  -2  -5  -5  -8  -7  -6
  06 03 09    220   0  -5  -2  -2  -2  -5  -3  -2  -1   0   2   1   3   3   3   2   4   7   8   7  -4  -5   2   4   1   1
  06 03 10    220   0   2   5   5  10   8  -1  -2  -1  -1   4  -5  -2   7   7   7   3  -1  -6  -5   2  10   6  -4 -11   2
  06 03 11    220   0 -24 -22 -19 -16 -16 -15 -13 -15 -12 -11 -11 -13 -11 -10  -9 -11 -15 -16 -15 -12 -15 -16 -16 -16 -15
  06 03 12    220   0 -17 -16 -13  -9  -8 -11 -13 -12 -11 -12 -13 -12 -11  -8  -5  -3  -4  -6  -5  -3  -1  -1  -1  -2  -8
  06 03 13    220   0  -4  -5  -6  -5  -3  -3  -4  -3  -3  -4  -3  -3  -7  -7  -5  -2  -3  -3  -4  -2   0   1   0  -2  -3
  06 03 14    220   0  -3  -3  -3  -2   0   2   3   5   8  11  14  14  12   6   1  -1  -2  -3  -2   0   1   6   9  13   4
  06 03 15    220   0  14  14  10  11  17  18  14  11  13   7   1   6  10   8   4   4   1  -1  -2   1   5   3   6   7   8
  06 03 16    220   0   6   2   1   0   0   1   2   4   3   0  -2  -3  -4  -2  -3  -4  -5  -6  -4  -5  -6  -6  -4  -2  -2
  06 03 17    220   0  -3  -6  -6  -4   0   3   1  -1  -3  -3  -3   0   1   3   5   3   7   5   6   6   5   4   0  -1   1
  06 03 18    220   0   1   5   7  15  18  15  11   0 -24 -23 -17 -15 -11  -8 -14 -28 -31 -21 -26 -26 -36 -24 -33 -43 -13
  06 03 19    220   0 -48 -47 -45 -42 -41 -29 -40 -42 -37 -29 -26 -30 -30 -26 -25 -24 -25 -28 -26 -25 -23 -33 -41 -37 -33
  06 03 20    220   0 -35 -33 -31 -34 -34 -29 -36 -41 -34 -33 -30 -26 -23 -19 -20 -20 -22 -27 -29 -23 -26 -27 -28 -27 -29
  06 03 21    220   0 -27 -28 -30 -30 -26 -22 -17 -18 -19 -21 -17 -15 -14 -13 -17 -21 -26 -37 -34 -33 -31 -29 -26 -27 -24
  06 03 22    220   0 -25 -30 -36 -33 -27 -27 -23 -20 -19 -19 -19 -18 -19 -19 -19 -17 -17 -16 -17 -22 -25 -24 -18 -17 -22
  06 03 23    220   0 -20 -23 -23 -21 -20 -20 -18 -18 -17 -17 -17 -17 -17 -17 -15 -12 -13 -13 -13 -13 -12 -11 -10 -10 -16
  06 03 24    220   0 -11 -13 -15 -12  -9  -7  -8  -8  -6  -3  -3  -7  -4  -5  -1   1   2   1  -2  -7 -13 -15 -13 -15  -7
  06 03 25    220   0 -16 -15 -15 -11 -11 -11 -16 -15 -17 -14 -10  -9  -7 -11 -12 -12 -11 -11 -10 -10  -6  -4   0   3 -10
  06 03 26    220   0   2  -3 -10 -10  -6  -5  -4  -4  -2  -2  -1  -4  -1   5   2   0  -4 -13 -18 -15 -11  -7  -3  -9  -5
  06 03 27    220   0 -17 -29 -26 -26 -22 -20 -18 -16 -11  -9  -7  -4  -3  -5  -6 -11 -10  -7  -6  -8  -9  -9 -18 -18 -13
  06 03 28    220   0 -10  -8 -10 -11 -13 -14 -12  -9  -7  -7  -9 -10  -8  -8  -9  -9 -10 -11 -11 -10  -9  -9 -10  -7 -10
  06 03 29    220   0  -6  -8 -11 -11 -11 -14 -13 -11  -8  -4  -2   1   4   4   4   3   5   4   2  -4 -11 -16 -17 -13  -6
  06 03 30    220   0 -11 -13 -14 -10  -4  -2  -3  -3  -3  -3  -4  -4  -6  -9  -8  -5  -3  -2   0  -2  -3  -2  -4  -1  -5
  06 03 31    220   0   0  -1   0   2   4   3   3   1   0  -2   0  -2 -11 -15 -13  -9  -6  -6  -8 -11  -8  -7  -7  -7  -4
  06 04 01    220   0  -6  -7  -6  -4  -2  -2  -2  -3  -2  -1  -3  -1   2   2   2   2   2   2   2   2   2   3   1  -2  -1
  06 04 02    220   0   0   2   3   5   6   5   5   8   9  12  13  12  10  11  12  12  11   9   9   9   9   9   8   5   8
  06 04 03    220   0   6   7   9   9   8   7   7   8   9  10   8  11  11   9   9   9   9   9  11  14  17  18  16  16  10
  06 04 04    220   0  17  17  16  15  14  16  19  25  26  17  12   1  -5  -8 -14 -14 -22 -28 -27 -28 -25 -23 -27 -30  -2
  06 04 05    220   0 -27 -28 -35 -43 -47 -53 -53 -52 -48 -47 -56 -74 -73 -69 -70 -79 -70 -67 -65 -56 -51 -48 -46 -40 -54
  06 04 06    220   0 -37 -32 -30 -36 -46 -57 -58 -44 -33 -37 -40 -37 -30 -27 -27 -28 -27 -27 -26 -29 -31 -31 -28 -23 -34
  06 04 07    220   0 -18 -18 -21 -26 -28 -28 -25 -23 -19 -16 -16 -17 -16 -14 -16 -19 -21 -21 -19 -17 -16 -14 -15 -15 -19
  06 04 08    220   0 -14 -14 -14 -14 -14 -12 -11  -7  -2   2   0  -2  -8 -12 -10  -5  -5  -8 -12 -12  -9  -5  -9 -10  -9
  06 04 09    220   0  -8 -16 -29 -27 -29 -46 -78 -82 -75 -68 -49 -38 -33 -34 -33 -34 -36 -31 -23 -35 -38 -53 -41 -34 -40
  06 04 10    220   0 -36 -39 -43 -51 -55 -48 -43 -42 -33 -27 -26 -27 -32 -36 -37 -39 -41 -39 -36 -36 -35 -36 -35 -31 -38
  06 04 11    220   0 -24 -22 -24 -28 -30 -27 -24 -24 -23 -19 -18 -18 -22 -24 -25 -26 -26 -24 -23 -23 -24 -23 -24 -20 -24
  06 04 12    220   0 -14 -17 -21 -21 -17 -17 -15 -12 -12 -13 -16 -17 -16 -14 -14 -13 -12 -12 -11 -13 -15 -14 -11  -9 -14
  06 04 13    220   0  -7  -3   1  -1   0   5   2  -2 -13 -18 -13 -10   4  11  17  14   3  -8  -7  -6  -1   0  -8  -3  -2
  06 04 14    220   0   0  -8 -14 -21 -48 -70 -77 -82 -82 -98 -78 -75 -75 -72 -69 -78 -81 -77 -68 -69 -74 -73 -61 -51 -63
  06 04 15    220   0 -47 -48 -55 -52 -48 -44 -43 -40 -39 -47 -39 -43 -45 -41 -46 -51 -52 -55 -51 -49 -52 -54 -55 -53 -48
  06 04 16    220   0 -49 -47 -47 -46 -44 -43 -43 -41 -41 -34 -33 -30 -31 -33 -34 -39 -39 -37 -35 -33 -34 -36 -34 -32 -38
  06 04 17    220   0 -27 -26 -30 -32 -35 -37 -34 -29 -25 -24 -24 -23 -21 -21 -23 -25 -24 -20 -17 -13 -15 -22 -27 -29 -25
  06 04 18    220   0 -35 -37 -38 -34 -35 -35 -34 -32 -29 -27 -26 -25 -25 -26 -27 -27 -25 -23 -22 -22 -21 -23 -20 -20 -28
  06 04 19    220   0 -23 -25 -22 -23 -23 -24 -22 -19 -18 -17 -18 -15 -12 -13 -17 -19 -18 -19 -20 -18 -14  -9  -6  -4 -17
  06 04 20    220   0  -5  -8 -10  -8  -7  -9  -7  -5  -7  -4  -1  -1  -4 -12 -18 -20 -20 -15 -12 -10  -7  -5  -5  -4  -9
  06 04 21    220   0  -3  -4  -4  -7  -9  -8  -6  -5  -7  -2   7   9   8   6   2   3  -4  -7  -5  -5  -2  -5  -6  -1  -2
  06 04 22    220   0   0 -10 -27 -45 -43 -35 -32 -34 -26 -23 -19 -32 -31 -29 -29 -32 -34 -34 -33 -31 -29 -26 -23 -18 -28
  06 04 23    220   0 -14 -14 -17 -22 -22 -25 -26 -30 -26 -20 -17 -13 -14 -15 -17 -21 -20 -19 -16 -15 -15 -16 -14 -15 -18
  06 04 24    220   0 -13 -16 -20 -23 -26 -27 -27 -25 -21 -17 -12  -9  -8 -11 -13 -16 -14 -13 -12 -11 -10 -10 -12 -16 -16
  06 04 25    220   0 -20 -18 -16 -16 -18 -17 -15 -12 -10  -7  -8  -8  -7  -7  -9 -11 -12 -11 -10 -13 -13 -11 -10  -7 -12
  06 04 26    220   0  -7  -9 -12 -17 -20 -21 -18 -15 -17 -17 -12  -5  -3  -5  -5  -7  -8  -5  -4  -2   2   4   6  10  -8
  06 04 27    220   0  11   8   2  -7 -14 -18 -18 -13  -8  -4  -1   0   0  -4  -5  -7  -9  -9  -8  -6  -6  -7  -5  -2  -5
  06 04 28    220   0  -1  11  10   5  -2 -13 -15 -11 -15 -12 -22 -20 -19 -16 -14 -14 -17 -16 -12 -11 -11 -12 -12 -10 -10
  06 04 29    220   0  -8  -9 -11 -12 -12 -10  -8  -9  -9  -8  -6   0  -1  -5  -8 -11 -12 -10  -8  -8  -6  -4  -3  -2  -8
  06 04 30    220   0  -3  -3  -2  -3  -3  -3  -4  -6  -5  -3  -1  -3  -4  -5  -8  -7  -6  -4  -2  -2  -1   0  -1   0  -3
  06 05 01    220   0   2   3   3   3   2   0  -1  -2  -3  -3   2   5   4   4   2   0   0   1   3   5   4   3   2   1   2
  06 05 02    220   0   1   4   5   4   3   2   4   9  11  12  11  11  10   9   8   7   5   3   5   5   4   2   1   3   6
  06 05 03    220   0   2   1   3   5   5   5   6   7   7   9  13  15  15  14  14  12  14  14  16  16  18  15  14  13  11
  06 05 04    220   0  13  14  12   9  11  14   9   4   1  -6 -13 -20 -26 -34 -38 -40 -32 -28 -27 -30 -24 -26 -18 -15 -12
  06 05 05    220   0 -20 -25 -31 -30 -34 -37 -40 -37 -34 -26 -20 -16 -14 -15 -14 -15 -18 -19 -18 -17 -17 -16 -13 -12 -22
  06 05 06    220   0 -11 -15 -17 -17 -15 -16 -16 -12  -6  -6 -11  -8  -2  -6  -5  -3   2   0  -2  -1 -24 -53 -47 -34 -14
  06 05 07    220   0 -32 -29 -30 -27 -23 -19 -29 -32 -37 -43 -30 -25 -30 -34 -31 -29 -26 -26 -26 -26 -25 -25 -24 -22 -28
  06 05 08    220   0 -23 -21 -23 -27 -24 -21 -18 -16 -15 -16 -14 -15 -14 -13 -12 -14 -14 -13 -11 -12 -14 -13 -13 -12 -16
  06 05 09    220   0 -14 -17 -16 -15 -13 -12 -12 -11 -10 -10  -9  -7  -7  -8 -10 -10 -11  -9  -8  -7  -5  -4   0   4  -9
  06 05 10    220   0   4   2   1   1   3   4   3   2   3   4   1   1   2   2   2   4   4   8  12  17  11   1  -8 -10   3
  06 05 11    220   0  -9 -13 -15 -21 -20 -16 -15 -17 -21 -22 -16  -4  -2 -10 -14 -16 -16 -15 -18 -20 -17 -18 -13 -22 -15
  06 05 12    220   0 -28 -27 -27 -22 -19 -23 -25 -22 -23 -24 -21 -22 -20 -17 -17 -14 -16 -17 -17 -17 -18 -16 -15 -14 -20
  06 05 13    220   0 -16 -13 -12 -15 -17 -18 -17 -18 -16 -13 -11  -9  -9 -11 -11 -10 -12 -11 -11 -11 -11  -9  -7  -7 -12
  06 05 14    220   0  -9 -12 -17 -17 -13 -12  -9 -10 -11  -8  -9 -12 -14 -13 -10  -9  -9 -12 -10 -10  -9  -8  -9  -9 -11
  06 05 15    220   0 -13 -16 -16 -13 -10  -5  -6  -9 -10 -11 -11 -11 -11 -11  -9  -7  -5  -6  -9  -9  -7  -5  -7  -9  -9
  06 05 16    220   0 -13 -14 -12 -10  -5  -3  -2  -3  -3  -4  -5  -7  -6  -7  -7  -5  -4  -4  -5  -6  -5  -4  -2  -1  -6
  06 05 17    220   0  -2  -4  -6  -8  -5  -5  -4  -2   2   4   4   3   1   2   0   0  -1  -3  -2  -1   2   6   4   1  -1
  06 05 18    220   0   1   2   2   4   7  15  18  11  -2  -4   5   8   7   6   5  -5 -22 -38 -37 -35 -28 -25 -20 -23  -6
  06 05 19    220   0 -20 -18 -20 -21 -20 -18 -19 -15 -14 -13 -11 -11 -13 -14 -14 -15 -14 -12  -8  -4  -4  -7  -9 -14 -14
  06 05 20    220   0 -20 -20 -18 -13  -8  -5  -7  -9 -11 -11 -10 -10  -9  -9  -9  -8 -12 -12  -8  -7  -5   3  -1  -4  -9
  06 05 21    220   0 -10 -16 -13  -6  -3  -2  -3  -3  -2  -3   0  -2  -4  -5  -6  -4  -4  -5 -14 -17 -15 -14 -13 -12  -7
  06 05 22    220   0 -14 -16 -14 -15 -11  -6  -4  -4  -7  -6  -4  -1  -6  -4  -4  -3  -6  -8  -6  -1   0  -2  -6  -6  -6
  06 05 23    220   0  -9 -11 -14 -13  -8  -5  -6  -8  -4  -3  -4  -7  -6  -4  -4  -4  -8  -3  -4  -5  -7  -6  -6  -7  -7
  06 05 24    220   0  -8  -7  -4   0   2   2   3   7   7   5   3   5   7   8   8   9   9   8   8   8   6   4   4   4   4
  06 05 25    220   0   5   8  10  10  11   8   5   4   1   4   5   1   0   2   5   6   6   6   7   5   1  -1  -4  -1   4
  06 05 26    220   0  -4 -10 -10  -5  -2   0   0   0  -1   0   1   3   3   4   6   3   1   2   0   1   0   1   2   1   0
  06 05 27    220   0  -1  -2  -2  -3  -1   0   0   3   2  -1  -2  -1  -2  -2   0   3   2   1   0  -1   2   6   6   9   1
  06 05 28    220   0   9  10   9   8   8   4  -1   2   2   2   0  -4  -4  -4  -4  -3  -2  -3  -4  -6 -10 -14 -17 -14  -2
  06 05 29    220   0 -11  -9  -7  -6  -5  -5  -6  -6  -6  -6  -9 -10  -9  -7  -5  -4  -6  -3  -4  -6  -8  -9  -9 -10  -7
  06 05 30    220   0 -12 -10  -8  -4  -3  -3  -2  -1  -1  -1   7   8   7   6  17  23  21  21  21  21  17  16  17  12   7
  06 05 31    220   0   6  -2  -4  -4  -3   0  -3  -1   0  -1   0   3   3   0  -1   1   2   1   1   0   2   4   6   7   1
  06 06 01    220   0   7   1  -1   1  -1  -1   4   2   1   8   2  -4   0   6   5   6   5   5   5  -2  -7  -5  -2  -1   1
  06 06 02    220   0   1  -2  -6  -3  -1  -3   0  -1  -4  -6  -4   1   1  -1  -1  -3  -4  -3  -1  -3  -5  -5  -5  -6  -3
  06 06 03    220   0  -8  -9  -6  -4  -4  -2  -2  -1  -2  -1  -1   1  -1  -5  -5  -4  -3   0   2   0  -2  -2  -2  -1  -3
  06 06 04    220   0  -2   0   2   2   2   1   1   1   3   3   3   4   5   4   3   4   3   5   8   8   9   9   9   8   4
  06 06 05    220   0   4   2   6   8   9   8   7   7   7   7   8   6   7   8   9  13  12  11  11  11  11  13  14  15   9
  06 06 06    220   0  14  11   5   5   9  17  17  10   0  -3   8   2   1  -6  -5 -10 -23 -35 -42 -40 -36 -34 -34 -30  -8
  06 06 07    220   0 -32 -31 -29 -28 -18 -18 -21 -23 -16 -18 -26 -22 -18 -23 -28 -26 -23 -21 -22 -20 -21 -21 -14 -15 -22
  06 06 08    220   0 -31 -33 -28 -24 -26 -29 -24 -25 -20 -16 -22 -21 -18 -20 -17 -17 -21 -19 -19 -25 -27 -28 -28 -28 -24
  06 06 09    220   0 -28 -26 -26 -25 -20 -18 -18 -15 -15 -15 -13 -13 -14 -18 -23 -21 -19 -18 -21 -18 -19 -21 -22 -21 -19
  06 06 10    220   0 -22 -20 -14 -13 -15 -15 -16 -14 -13 -13 -13  -8 -12 -13 -13 -14 -17 -20 -22 -26 -26 -24 -22 -18 -17
  06 06 11    220   0 -13 -10 -10  -9 -11 -13 -13  -9 -10  -9 -11 -10  -8  -7 -10 -10 -11 -13 -15 -15 -15 -17 -15 -13 -12
  06 06 12    220   0 -14 -15 -12  -9  -8  -9  -7  -5  -6  -8  -6  -5  -6 -10 -14 -12  -9 -10 -12 -14 -14 -15 -14 -10 -10
  06 06 13    220   0 -12 -13 -14 -14 -11  -8  -7  -6  -7  -6  -5  -4  -4  -4  -6  -4  -2   1   2   4   5   4   0  -4  -5
  06 06 14    220   0  -7  -7  -7  -5  -5  -4  -3  -2   2   2   4   0  -1   0  -1  -1   0   0   4   3   4  -1  -1   2  -1
  06 06 15    220   0   0   4   7   4   0  -6  -7  -4  -8 -14 -19 -19 -13 -11 -14 -19 -16 -19 -22 -22 -24 -25 -27 -30 -13
  06 06 16    220   0 -32 -31 -24 -22 -24 -22 -20 -17 -15 -15 -17 -19 -19 -20 -20 -23 -26 -26 -24 -21 -17 -13 -12  -9 -20
  06 06 17    220   0  -8  -9  -9  -7  -5 -12 -21 -17 -18 -14 -14 -17 -18 -16 -13 -14 -10 -14 -18 -20 -20 -22 -20 -18 -15
  06 06 18    220   0 -18 -17 -11 -10 -15 -15 -15 -15 -20 -21 -20 -14 -13 -14 -17 -18 -20 -20 -20 -18 -16 -13 -12 -10 -16
  06 06 19    220   0 -10 -14 -13 -10 -11 -11 -12 -11 -10 -10 -11 -10  -8  -7  -7  -9 -11 -12 -14 -18 -19 -14 -11  -8 -11
  06 06 20    220   0  -8  -6  -9  -9  -7  -7  -5  -2  -2  -4  -4  -5  -6  -8 -10 -11 -10  -9  -6  -5  -3  -4  -3   0  -6
  06 06 21    220   0   2   2   0  -1  -3  -2   0   1   1   0   1   1   3   3   2   2   1  -1   2   3   2   1   1   6   1
  06 06 22    220   0   6  11  14  11   3   2   1   2   0   4   7  11  12  10   8   5   2   2   0  -4  -5  -2   1   2   4
  06 06 23    220   0  -1  -1   1   3   4   4   3   2   3   3   2   1   2   3   4   4   4   3   3   0   1   3   6   6   3
  06 06 24    220   0   6   8   7   8   8   7   8  10  10  10   8   6   9   9   7   8   8   9   8   8   2   1   2  -1   7
  06 06 25    220   0  -5  -5  -5  -5  -6  -4  -1   0   0  -2  -2   0   1  -1   0   2   1   3  -1  -5  -7  -7  -8  -8  -3
  06 06 26    220   0  -1   5   6   5   5   6   7   7   7   5   5   4   2   2   4   4   5   5   4   3   4   4   1  -1   4
  06 06 27    220   0  -3   1   5  10  13  16  18  17  21  21  23  20  16  12  10  13  17  14  13   9  15  14   9   7  13
  06 06 28    220   0   5   5   7  13  18  14   6  -3  -8 -14 -12 -14 -12 -16 -21 -21 -15 -12 -12 -14 -12  -8  -5  -9  -6
  06 06 29    220   0  -9  -7  -8  -7  -3  -5  -5  -3  -3  -3   0   3   0  -7 -13 -17 -16 -13 -16 -15 -13 -14 -13 -16  -8
  06 06 30    220   0 -18 -13  -8  -7 -10 -12 -13 -10  -8  -9 -10 -11 -11 -12 -14 -15 -14 -12 -13 -15 -13 -12 -12 -13 -12
  06 07 01    220   0 -14 -13 -10 -10  -9  -9  -8  -6  -4  -6  -6  -9 -10 -11  -9  -5  -3  -2  -4  -6  -4  -3  -5  -5  -7
  06 07 02    220   0  -3  -2   3   4   4   3   3   2   1  -2  -3  -1   1   1   1   2   1  -1  -1  -1  -1   0   0   0   0
  06 07 03    220   0  -1  -2   0   3   3   4   5   3   1   1   1   2   1  -1   2   3   4   4   0  -3  -1   2   3   6   2
  06 07 04    220   0   5   5   1   2   3   3   4  10  15  14  17  18  22   7   9  14   8   2  -1  -5 -10 -11 -11 -17   4
  06 07 05    220   0 -17 -20 -15 -16 -20 -32 -32 -30 -25 -24 -24 -29 -31 -32 -31 -28 -27 -26 -27 -27 -30 -35 -34 -34 -27
  06 07 06    220   0 -35 -34 -28 -28 -24 -21 -19 -18 -15 -13 -16 -19 -19 -20 -20 -20 -20 -21 -22 -20 -19 -16 -17 -21 -21
  06 07 07    220   0 -23 -25 -24 -19 -17 -16 -16 -13 -10 -10 -11 -10 -10 -13 -17 -15 -15 -15 -14 -16 -19 -19 -20 -22 -16
  06 07 08    220   0 -24 -21 -18 -15 -13 -14 -15 -14 -13 -13 -14 -16 -14 -13 -12 -12 -12 -12 -15 -17 -17 -16 -15 -13 -15
  06 07 09    220   0 -12 -13 -13 -10  -9 -10 -10  -9  -6  -6  -6  -9 -11 -12  -9  -6  -8  -7 -10 -11 -12  -8  -3  -7  -9
  06 07 10    220   0  -7  -5   8  10   9  12  12  13  12  11   8   9   9   1  -9 -17 -20 -19 -15 -23 -24 -25 -27 -27  -4
  06 07 11    220   0 -24 -19 -14 -12  -9  -9  -6  -8  -6  -2   4   9  10  13  18  18  16  14  10   0  -8 -14 -12  -3  -1
  06 07 12    220   0   0   0   2   5   7  -1  -3  -1  -3  -7  -4  -9 -10  -7  -3  -4 -11 -15 -17 -19 -18 -20 -20 -18  -7
  06 07 13    220   0 -18 -16 -14 -13 -14 -16 -17 -14 -14 -13 -13 -11 -13 -14 -15 -17 -18 -16 -16 -17 -18 -19 -17 -14 -15
  06 07 14    220   0  -8  -5  -3  -2   0   2   2   2   3   3  13  13   7   1  -5  -9  -8 -18 -28 -34 -36 -33 -30 -29  -8
  06 07 15    220   0 -29 -28 -27 -29 -30 -28 -24 -19 -16 -13 -11 -15 -17 -15 -13 -12 -15 -17 -19 -22 -23 -23 -24 -24 -21
  06 07 16    220   0 -22 -18 -13  -9  -9 -10 -11 -10  -9  -7  -6  -5  -5  -6  -4  -4  -3  -2  -2   0   1  -2  -4  -6  -7
  06 07 17    220   0  -8 -11 -10 -10  -9  -5  -2  -2  -3  -2   2   2   2  -1  -4  -5  -6  -5  -5  -5  -5  -3  -4  -4  -4
  06 07 18    220   0  -4  -6  -7  -7  -4  -1   1   0   0   0   1   1   3   1  -1  -3   0   3   3   2   5   5   4   2   0
  06 07 19    220   0  -1  -2  -2  -1   1   0   1   2   2   3   4   3   2   2   4   4   4   6   9  10  10   7   6   4   3
  06 07 20    220   0   7  11  13  10  12  12  11   7   6   5   6  10  10   8   6   4   1   1   1   2   6   5   3   3   7
  06 07 21    220   0   3   2   3   3   2   2   3   4   3   6   6   6   5   6   6   6   7   5   5   6   6   4   5   7   5
  06 07 22    220   0   7   8  11  10   7   5   2   1  -1   3   5   7   7   7   8   6   6   5   6   7   8   7   5   6   6
  06 07 23    220   0  -3  -2   3   8  11   8   6   4   5   4   3   3   5   5   6   7   7   7   8   9  11  10   7   3   6
  06 07 24    220   0   6   8  13  14  13  14  14  13   6   6   6   7   4   1  -2  -5  -7  -8  -6  -3   0   0  -2  -2   4
  06 07 25    220   0  -2  -4 -10  -9  -9  -5  -3  -6  -6  -4  -3  -2  -2   0   2   3   3   3   5   3   3  -1  -4  -9  -2
  06 07 26    220   0 -11  -9  -6  -6  -7  -2  -1   1   2   3   4   4   3   5   5   5   3   3   2   4   6   2  -2  -4   0
  06 07 27    220   0  -5  -2   4   8   7   5   3   1   0   2   5   6   5   6  17  21  23  23  25  22  20   8 -10  -8   8
  06 07 28    220   0   2   2 -21 -38 -48 -46 -42 -41 -37 -37 -26 -26 -37 -32 -30 -28 -26 -24 -24 -24 -24 -26 -28 -28 -29
  06 07 29    220   0 -28 -26 -21 -21 -23 -24 -24 -24 -23 -22 -21 -22 -24 -23 -20 -16 -17 -16 -16 -12  -9  -8  -5  -8 -19
  06 07 30    220   0 -10 -10 -12 -12 -12  -9  -6  -6  -6  -7  -6  -7  -9  -9  -8  -9  -9  -5  -2  -3  -4  -4  -3   1  -7
  06 07 31    220   0   3   4   1   2   9  -2 -11 -10   1   0   5   8  -1  -7 -10  -6  -5  -6 -11 -15 -18 -23 -23 -18  -6
  06 08 01    220   0 -14 -10 -10  -9 -17 -29 -26 -17 -13 -10 -10 -13 -13 -15 -17 -22 -19 -15 -11 -12 -14 -16 -19 -18 -15
  06 08 02    220   0 -15 -10 -12 -15 -19 -18 -16 -16 -17 -17 -17 -22 -23 -21 -19 -17 -17 -20 -18 -16 -11 -11 -16 -24 -17
  06 08 03    220   0 -23 -18 -19 -21 -18 -13 -12 -10 -10 -11 -10 -10  -8  -8  -9 -11 -13 -15 -17 -15 -12 -12 -12 -12 -13
  06 08 04    220   0 -12  -9  -6  -6 -10 -10  -9  -7  -8  -9  -9  -9 -12 -13 -11  -8  -8  -7  -5  -4  -2  -1  -1   1  -7
  06 08 05    220   0   1  -3  -8 -12 -16 -14  -9  -8  -7  -7  -6  -6  -7  -7  -6  -7  -8  -8  -7  -3   1   2   2   2  -6
  06 08 06    220   0   3   2  -1  -4  -3  -1  -3  -1  -3   1   3   3   3   6  11  10   8   8   8  11  11  14  15  15   5
  06 08 07    220   0  21  32  20   4  -2  -8 -22 -48 -47 -37 -37 -40 -42 -39 -39 -40 -38 -36 -35 -35 -37 -38 -35 -32 -25
  06 08 08    220   0 -26 -25 -29 -35 -37 -34 -33 -29 -28 -30 -27 -26 -27 -26 -23 -22 -22 -23 -26 -26 -26 -27 -23 -20 -27
  06 08 09    220   0 -18 -13 -19 -27 -29 -26 -21 -19 -20 -20 -24 -21 -20 -19 -15 -14 -14 -12 -10 -14 -18 -21 -19 -18 -19
  06 08 10    220   0 -17 -16 -18 -20 -22 -20 -18 -16 -15 -14 -12 -12 -11  -8  -7  -8 -10 -11 -12 -11 -12 -17 -18 -17 -14
  06 08 11    220   0 -15 -19 -19 -19 -19 -16 -14 -11  -9 -12 -15 -16 -10  -8  -7 -11 -10  -8  -9 -13 -14 -12 -12  -8 -13
  06 08 12    220   0  -4  -3  -8 -11 -11  -9 -14 -14 -10  -8 -10  -9  -8  -5  -5 -10 -12 -13 -15 -13 -11 -13 -12 -14 -10
  06 08 13    220   0 -14 -14 -14 -15 -14 -12 -11 -10 -10 -10 -10  -9  -5  -4  -5  -5  -4  -3   0   0  -1  -3  -3   0  -7
  06 08 14    220   0   0   1   2   2   3   1  -1  -4  -5  -4  -4  -4  -5  -6  -9 -11 -14 -17 -20 -20 -18 -13 -10  -8  -7
  06 08 15    220   0  -7  -6  -7  -6  -7  -6  -5  -4  -3   1   5   5   4   3   3   4   5  12  18  15  14  10   8   7   3
  06 08 16    220   0   5   2   2   4   3   5   5   5   8  10   9   8  10   9   3   4   5   7   7   6   4   4   3   8   6
  06 08 17    220   0   9  11  12  10   8   5   5  16  21  16  11  12  12  10  11  12  12  11   8   4   3   4   2   3  10
  06 08 18    220   0   4   4   0 -13 -20 -22 -14  -9 -15 -13 -12 -13 -19 -14 -11  -8  -7  -6  -6  -6  -5  -1   3   9  -8
  06 08 19    220   0   7   6  -1  -9 -14 -14  -5   2   2  -4   4  -3  -5  -9 -13 -25 -27 -30 -37 -56 -66 -78 -76 -72 -22
  06 08 20    220   0 -78 -79 -65 -58 -61 -61 -55 -48 -48 -49 -44 -34 -34 -33 -35 -42 -43 -44 -41 -41 -40 -39 -39 -36 -48
  06 08 21    220   0 -30 -29 -30 -35 -40 -39 -37 -37 -39 -39 -35 -32 -33 -32 -32 -33 -28 -30 -34 -34 -32 -34 -33 -29 -34
  06 08 22    220   0 -26 -26 -25 -25 -23 -19 -21 -26 -38 -41 -41 -38 -27 -23 -22 -25 -28 -31 -32 -32 -27 -25 -23 -23 -28
  06 08 23    220   0 -20 -20 -18 -22 -23 -22 -26 -24 -25 -24 -25 -26 -26 -26 -24 -21 -18 -15 -13 -13 -17 -20 -17 -17 -21
  06 08 24    220   0 -19 -20 -17 -16 -15 -16 -14 -12 -15 -14 -13 -10 -11 -12 -15 -17 -17 -18 -18 -19 -20 -20 -18 -15 -16
  06 08 25    220   0 -14 -12 -14 -15 -14 -14 -14 -14 -15 -15 -15 -15 -15 -13 -11  -8  -9  -9  -9  -7  -6  -6  -8 -10 -12
  06 08 26    220   0 -13 -13 -13 -13 -12  -9  -7  -7 -10 -11 -12 -10  -8  -6  -6  -7  -6  -5  -2  -1   0   2   5   7  -7
  06 08 27    220   0   7   4   6   7   4   2   2  11  13   5  -6 -16 -14 -10  -7 -23 -39 -32 -25 -24 -25 -28 -26 -20 -10
  06 08 28    220   0 -21 -22 -27 -28 -31 -26 -22 -25 -28 -28 -26 -24 -20 -19 -16 -14 -13 -14 -13 -13 -12 -15 -19 -19 -21
  06 08 29    220   0 -19 -15 -16 -14 -15 -17 -14 -14 -14 -14 -15 -16 -10  -9  -8  -7  -7  -7  -7  -9  -5  -5  -6  -7 -11
  06 08 30    220   0 -11 -12 -10  -8  -7  -9 -13 -17 -15 -11  -9  -6  -6  -6  -4  -2   1   0  -1  -1   3   7   3   4  -5
  06 08 31    220   0   4   3   6   7  11  12  10  -1  -7 -10 -12  -9  -7  -2  -2  -8 -17 -21 -27 -33 -31 -35 -35 -34 -10
  06 09 01    220   0 -34 -31 -27 -23 -21 -19 -16 -16 -24 -22 -20 -13 -15 -19 -22 -23 -21 -27 -26 -28 -27 -34 -39 -36 -24
  06 09 02    220   0 -27 -25 -25 -25 -27 -25 -21 -18 -15 -13 -12  -7 -12 -15 -13  -9  -7  -8  -8 -14 -19 -20 -16 -11 -16
  06 09 03    220   0 -12 -10 -10 -11 -10  -9  -9  -7 -10 -11 -12  -8  -8  -4  -1  -3  -7  -6  -2  -1  -3  -7  -8  -5  -7
  06 09 04    220   0   3  -6 -14 -23 -36 -45 -37 -38 -38 -38 -36 -32 -25 -20 -17 -19 -19 -23 -28 -27 -24 -26 -31 -34 -26
  06 09 05    220   0 -32 -26 -22 -20 -24 -28 -28 -24 -20 -23 -23 -20 -18 -15 -11 -10 -11 -13 -15 -12 -11 -11 -11 -12 -18
  06 09 06    220   0 -13 -15 -15 -15 -18 -19 -19 -21 -21 -19 -21 -25 -28 -26 -21 -17 -15 -13 -14 -15 -17 -16 -16 -16 -18
  06 09 07    220   0 -16 -16 -15 -12 -12 -13 -14 -15 -14 -12 -11 -11 -14 -17 -19 -19 -17 -17 -19 -18 -15 -14 -12 -11 -15
  06 09 08    220   0 -11 -10  -9  -9 -13 -17 -12  -9  -8  -9  -6  -6  -6 -10  -8  -6  -6  -5  -3  -3  -4  -2   2   4  -7
  06 09 09    220   0   3   1   0  -2  -2   0   0  -2  -4  -3  -1  -1  -2  -3  -2  -1   0   1   2   2   1  -3  -2  -2  -1
  06 09 10    220   0  -4  -6  -5  -2   0  -1  -2  -1  -1   3   4   9  11   9   8   7   5   2   5   3  -3  -1  -4  -4   1
  06 09 11    220   0  -5  -8 -12 -11  -7  -5  -5 -11 -17 -16 -11  -8 -10 -17 -15 -13  -9  -7  -6  -6  -7  -8 -11 -11 -10
  06 09 12    220   0 -11 -11  -6  -4  -1  -1  -6 -10  -8  -9 -10  -7  -6  -9  -7  -5  -4  -4  -6  -3  -2  -3  -4  -6  -6
  06 09 13    220   0  -8 -11  -8 -10 -14 -18 -20 -14 -14 -17 -12 -10 -10 -12 -11 -12 -11 -11 -11  -9  -9 -10 -11 -12 -12
  06 09 14    220   0 -13 -11 -11  -9  -9 -13 -11 -13 -13 -12 -10  -9  -9  -7  -5  -5  -5  -4  -2   0  -3  -5  -7  -9  -8
  06 09 15    220   0 -12  -9  -8  -6  -4  -2  -2  -3  -3  -1   2   2   2   1   1   0   0   3   2   2   4   3   2   1  -1
  06 09 16    220   0   0  -2  -2  -1  -3  -1   2   3   3   3   4   2   2   4   3   0   1   2  -2  -4  -4  -3  -1   0   0
  06 09 17    220   0   1  -2  -4  -2  -3  -7 -12 -14 -14  -9 -16 -17 -15 -14  -9  -5  -4  -2  -6 -19 -31 -24 -17 -13 -11
  06 09 18    220   0 -14 -18 -29 -29 -24 -26 -30 -29 -30 -34 -31 -22 -14 -16 -16 -17 -15 -20 -23 -17 -15 -17 -19 -24 -22
  06 09 19    220   0 -27 -27 -25 -25 -22 -21 -26 -23 -24 -23 -24 -22 -21 -22 -25 -22 -23 -25 -27 -24 -23 -22 -23 -22 -24
  06 09 20    220   0 -20 -19 -19 -21 -23 -21 -20 -20 -19 -19 -17 -15 -15 -16 -15 -15 -15 -18 -18 -17 -15 -16 -16 -15 -18
  06 09 21    220   0 -15 -12 -10  -7  -8 -10 -10  -9 -10 -11 -10 -12  -8  -7  -7  -6  -7  -7  -8  -7  -7  -8 -10  -8  -9
  06 09 22    220   0  -7  -5  -4  -1   0  -2  -1   0   0   0  -1  -3  -1  -1  -1   0  -2  -4  -5  -4  -1  -2  -4  -5  -2
  06 09 23    220   0  -3  -2  -2   0   0  -2  -2   0   1  -2  -7 -10  -8  -4   3   9  12  14   9   0   4  -2   2   1   0
  06 09 24    220   0   4  -7 -15 -23 -46 -38 -45 -51 -51 -55 -48 -37 -33 -26 -22 -20 -19 -22 -23 -21 -18 -17 -18 -17 -28
  06 09 25    220   0 -15 -16 -17 -17 -16 -13 -12 -12 -18 -28 -31 -30 -30 -29 -26 -21 -19 -21 -22 -21 -20 -22 -24 -22 -21
  06 09 26    220   0 -20 -18 -18 -18 -18 -18 -13 -10 -10  -9 -10 -11 -14 -15 -12  -8  -9 -13 -17 -19 -17 -17 -21 -21 -15
  06 09 27    220   0 -20 -22 -19 -19 -18 -14 -12  -9 -10 -13 -13 -13 -11  -8  -8 -13 -12 -13  -9  -8 -10 -13 -16 -15 -13
  06 09 28    220   0 -16 -15 -14 -12  -9  -8  -8  -5  -5  -7 -10  -8  -6  -6  -4  -5  -5  -3   0   1  -2   1  -1  -3  -6
  06 09 29    220   0   2   2   3   2   2   3   2  -3  -3  -4  -2  -2   0  -3  -2  -2  -2   2   1   2   3   2   0  -1   0
  06 09 30    220   0  -1   2   9  12  -3 -16 -21 -12  -5  -4 -14 -16  -7  -4   1   3   5   1  -7  -8  -9 -13 -16 -17  -6
  06 10 01    220   0 -25 -36 -44 -47 -50 -51 -49 -45 -40 -35 -38 -34 -38 -43 -40 -31 -31 -30 -29 -27 -25 -22 -22 -22 -36
  06 10 02    220   0 -18 -11 -11 -14 -17 -19 -16 -15 -15 -18 -21 -19 -15 -10 -10 -12 -14 -18 -22 -23 -23 -21 -21 -20 -17
  06 10 03    220   0 -20 -17 -17 -18 -19 -19 -18 -14 -12 -11 -12  -9  -9 -11 -13 -15 -14 -11  -4  -4  -6  -7 -10 -12 -13
  06 10 04    220   0 -14 -15 -15 -16 -17 -15 -12 -12 -11 -13 -13 -11  -9  -9 -11 -12 -14 -12  -9 -10 -10 -10 -10 -12 -12
  06 10 05    220   0 -15 -16 -17 -16 -14 -12 -12 -13 -10  -9  -9  -9 -11 -10 -11 -11 -11 -12 -14 -15 -12  -8  -7  -8 -12
  06 10 06    220   0  -7  -6  -4  -3  -2  -4  -5  -6  -7  -8  -7  -8  -8  -8  -6  -3  -2  -2  -2  -3  -4  -4  -3  -1  -5
  06 10 07    220   0  -1  -1  -1  -1   2   0  -1   1   0  -1  -1  -1   4   8  11  13   4  -6  -3   4   5  -5 -17 -26  -1
  06 10 08    220   0 -23 -19 -16 -15 -13 -12 -10  -6  -8 -17 -21 -17 -17 -18 -17 -15 -16 -14 -12 -11 -14 -15 -14 -15 -15
  06 10 09    220   0 -14 -11 -10 -12 -14 -13 -11 -11 -11 -12 -10  -9  -9  -9  -8  -8  -5  -3  -2  -3  -5  -3  -2  -4  -8
  06 10 10    220   0  -3  -3  -5  -5  -5  -5  -5  -5  -5  -7  -7  -4  -2  -3  -5  -6  -6  -5  -4  -5  -5  -4  -3  -3  -5
  06 10 11    220   0  -4  -2  -4  -3  -2  -3   1   2   3   5   6   3   0   0  -2  -3  -3  -4  -4  -4  -4  -1  -1  -4  -1
  06 10 12    220   0  -6  -5  -2   0  -3  -5  -3   1   1   2   0   5   7   3  -3  -4  -3  -4  -3  -4  -4  -4  -5 -10  -2
  06 10 13    220   0 -17 -17 -17 -17 -17 -14 -19 -21 -42 -48 -35 -21 -20 -24 -24 -29 -27 -26 -24 -36 -22 -43 -55 -55 -28
  06 10 14    220   0 -53 -51 -49 -46 -50 -44 -38 -35 -28 -26 -29 -23 -23 -22 -24 -27 -35 -39 -37 -29 -27 -38 -39 -40 -36
  06 10 15    220   0 -34 -34 -35 -40 -37 -35 -29 -25 -22 -20 -16 -19 -18 -19 -21 -23 -23 -26 -24 -23 -22 -22 -23 -22 -26
  06 10 16    220   0 -22 -22 -21 -22 -24 -26 -27 -24 -23 -23 -22 -22 -22 -23 -24 -24 -21 -20 -17 -14 -12 -15 -15 -15 -21
  06 10 17    220   0 -16 -17 -19 -19 -20 -20 -16 -13 -13 -14 -13 -10 -11 -12 -12 -13 -13 -13 -13 -15 -15 -14 -12 -13 -14
  06 10 18    220   0 -14 -16 -18 -20 -21 -20 -15 -11 -10  -9  -8  -7  -8  -8  -8  -9 -10  -9  -9  -8  -7  -5  -4  -4 -11
  06 10 19    220   0  -3  -4  -6  -5  -9  -8  -7  -7  -5  -4  -5  -3  -3  -1   0  -1  -1  -2  -1   0   0   2   5   8  -3
  06 10 20    220   0  16   9   7   6   4   7  13  18  10  11   1   4   5   1   2   9  -3  -7  -2  -9  -7 -14 -14 -16   2
  06 10 21    220   0 -13 -20 -23 -28 -28 -28 -28 -27 -22 -15 -15 -14 -14 -12 -12 -15 -19 -24 -21 -19 -18 -20 -20 -18 -20
  06 10 22    220   0 -16 -16 -18 -22 -27 -30 -31 -27 -22 -20 -17 -15 -15 -12 -15 -22 -20 -18 -25 -25 -25 -25 -24 -20 -21
  06 10 23    220   0 -17 -15 -14 -16 -17 -16 -15 -13 -10  -8  -8  -9  -9 -10 -11 -14 -14  -8  -6  -8 -10 -10  -9  -7 -11
  06 10 24    220   0  -5  -5  -7 -10 -12 -16 -22 -23 -24 -19 -14  -9  -8  -8  -9  -8  -6  -6 -10 -10  -5  -5  -7  -5 -11
  06 10 25    220   0  -5  -7 -10  -9  -7  -5 -11 -11 -12 -11 -10  -7  -8  -8 -10 -13 -14 -15 -15 -12 -12 -13 -15 -15 -11
  06 10 26    220   0 -14 -12 -12 -15 -14 -14 -16 -16 -16 -13 -11  -9  -9  -7  -6  -7  -7  -6  -5  -2  -2  -3  -5  -5  -9
  06 10 27    220   0  -5  -4   2   6   6   8   8   7   7  10  12  13  11   9   6   3   1  -3  -3   2   1   4   3  -7   4
  06 10 28    220   0  -8  -6  -6  -4 -14 -19 -19 -18 -11  -7 -10  -9  -7  -6   0  -6 -13 -15 -13 -16 -14 -20 -35 -27 -13
  06 10 29    220   0 -23 -19 -37 -44 -43 -42 -45 -47 -50 -40 -40 -36 -33 -33 -38 -38 -34 -30 -23 -26 -27 -24 -26 -30 -35
  06 10 30    220   0 -32 -32 -31 -30 -30 -31 -28 -25 -25 -26 -22 -23 -25 -27 -27 -29 -30 -26 -25 -21 -18 -18 -19 -22 -26
  06 10 31    220   0 -22 -24 -25 -26 -26 -25 -25 -23 -21 -20 -15 -12 -13 -15 -19 -24 -25 -25 -24 -22 -21 -21 -19 -21 -21
  06 11 01    220   0 -20 -17 -19 -21 -25 -24 -22 -22 -20 -21 -18 -14 -12 -11  -9  -9 -13 -17 -15 -15 -14 -17 -19 -24 -17
  06 11 02    220   0 -25 -26 -26 -28 -27 -27 -24 -23 -22 -23 -22 -19 -18 -17 -17 -21 -22 -26 -26 -26 -26 -23 -27 -28 -24
  06 11 03    220   0 -24 -22 -24 -23 -22 -18 -21 -23 -25 -21 -13 -12  -7 -10 -10 -11 -12 -10  -6  -3  -3  -2  -1   1 -13
  06 11 04    220   0   3   2  -3 -11 -13 -19 -19 -22 -17 -14 -14 -12 -11  -9  -8 -11 -15 -17 -16 -15 -16 -17 -18 -13 -13
  06 11 05    220   0  -9  -9 -11 -10 -11 -14 -15 -14 -15 -13 -16 -20 -22 -16 -12 -13 -14 -13 -14 -17 -17 -16 -14 -12 -14
  06 11 06    220   0  -8  -7  -7  -6  -6  -8 -11 -12 -10  -6  -5  -4  -5  -4  -3  -3  -6  -6  -6  -5  -7  -6  -4  -2  -6
  06 11 07    220   0  -1  -2  -3  -3  -5  -7  -6  -5  -7  -8  -7  -7  -8  -8  -7  -5  -5  -4  -3  -2  -4  -3  -4  -4  -5
  06 11 08    220   0  -5  -5  -5  -2  -1   0   0   4   5   4   4   4   4   5   6   4   3   3   4   4   4   3   1  -2   2
  06 11 09    220   0  -3  -3  -4  -6  -5  -5  -4  -2   0   3   6   8   8  19  26  25  31  31  25   3   3  -2 -20 -46   4
  06 11 10    220   0 -59 -63 -63 -55 -50 -53 -59 -59 -47 -39 -42 -48 -48 -42 -42 -39 -40 -34 -34 -33 -27 -27 -23 -21 -44
  06 11 11    220   0 -25 -32 -34 -32 -31 -37 -48 -43 -32 -35 -34 -34 -28 -29 -31 -28 -27 -27 -25 -22 -21 -22 -23 -25 -30
  06 11 12    220   0 -27 -29 -29 -30 -27 -26 -27 -27 -25 -24 -25 -21 -19 -20 -20 -19 -18 -18 -18 -18 -18 -20 -24 -25 -23
  06 11 13    220   0 -26 -26 -27 -26 -25 -23 -22 -20 -16 -15 -15 -17 -20 -21 -19 -16 -17 -16 -16 -15 -12  -9  -9  -8 -18
  06 11 14    220   0  -9 -12 -13 -14 -13 -12 -10  -9  -9  -9 -11 -13 -14 -12 -13 -16 -17 -18 -15 -13 -12 -14 -17 -20 -13
  06 11 15    220   0 -19 -19 -19 -20 -19 -17 -16 -17 -14 -12 -10  -9  -9  -9 -12 -13 -17 -13  -8  -6  -7 -14 -19 -21 -14
  06 11 16    220   0 -16 -12 -19 -25 -27 -26 -22 -24 -19 -11  -8 -11 -16 -19 -19 -19 -20 -19 -18 -13 -12 -11 -11 -13 -17
  06 11 17    220   0 -16 -20 -25 -32 -32 -32 -33 -33 -31 -28 -24 -20 -24 -25 -31 -29 -26 -21 -19 -18 -18 -20 -19 -17 -25
  06 11 18    220   0 -20 -20 -21 -18 -16 -14 -12 -12 -12 -13 -14 -14 -15 -18 -19 -19 -19 -20 -19 -18 -17 -18 -18 -18 -17
  06 11 19    220   0 -18 -19 -19 -17 -18 -12 -13 -14 -14 -14  -8  -7  -7  -7  -6  -6  -9  -9 -10 -11 -12 -11  -9  -9 -12
  06 11 20    220   0 -10  -9  -8  -6  -5  -5  -8 -10 -10 -11  -8  -8  -7  -5  -9 -10  -9  -9 -11 -12 -13 -12 -12 -10  -9
  06 11 21    220   0  -8  -7  -8  -8  -7  -6  -6  -9  -7  -7  -9  -9  -5  -3   0   2   3   2   1   1   2   1   1   2  -4
  06 11 22    220   0   5   5   7   7   5   4   3   3   8  10  10   8  13  13   9   8   6   7   9   4  -4 -10  -9  -6   5
  06 11 23    220   0  -4  -6  -9  -8  -6  -7  -7  -5 -22 -30 -30 -30 -31 -31 -30 -27 -25 -24 -25 -29 -28 -22 -14 -11 -19
  06 11 24    220   0 -15 -17 -22 -31 -29 -32 -36 -34 -37 -30 -32 -33 -29 -32 -30 -30 -28 -28 -27 -24 -22 -22 -19 -17 -27
  06 11 25    220   0 -14 -14 -18 -21 -17 -21 -24 -22 -20 -19 -19 -16 -17 -18 -17 -18 -17 -20 -21 -25 -26 -23 -23 -25 -20
  06 11 26    220   0 -23 -20 -19 -21 -17 -17 -19 -20 -20 -22 -25 -23 -23 -22 -21 -21 -20 -18 -17 -20 -25 -22 -22 -24 -21
  06 11 27    220   0 -24 -24 -23 -21 -19 -18 -17 -19 -18 -20 -24 -21 -20 -19 -21 -24 -24 -23 -20 -18 -18 -17 -16 -17 -20
  06 11 28    220   0 -18 -18 -18 -20 -20 -19 -17 -16 -16 -15 -15 -16 -18 -20 -21 -20 -21 -19 -15 -11 -12 -17 -16 -13 -17
  06 11 29    220   0 -14 -16 -20 -16 -10 -11 -13  -7  -2   1   0  -7  -7  -6  -8  -9  -9 -10  -7  -6  -5  -5  -5 -11  -8
  06 11 30    220   0 -15 -19 -21 -25 -30 -41 -51 -60 -66 -57 -62 -71 -71 -74 -63 -49 -48 -53 -49 -45 -43 -38 -37 -35 -47
